15
56
85
97
104
112
119
119
130
137
142
149
152
158
165
168
176
183
183
190
193
197
200
200
205
205
208
208
212
212
212
212
215
215
215
215
215
215
215
215
215
215
215
215
215
215
215
215
215
215
215
221
215
168
152
145
137
137
134
130
119
119
119
119
119
116
112
109
109
104
104
104
97
97
97
94
94
88
88
88
88
85
85
81
81
81
78
78
73
73
73
73
73
73
73
73
70
70
66
66
66
66
66
66
66
66
66
63
63
63
63
56
56
56
56
56
56
56
56
56
56
56
56
56
56
56
56
56
56
53
56
53
56
53
56
53
53
53
53
53
53
53
53
53
53
53
53
53
53
53
53
53
53
53
53
53
49
